138,2
139,2
139,1
139,3
138,1
138,3
134,1
134,3
142,35
10,308
10,156
10,220
10,152
10,148
10,225
10,248
11,20
11,22
11,29
11,24
11,8
11,25
8,12
8,11
8,5
8,15
8,8
140,4
140,3
140,1
20,3
20,2
20,1
19,3
19,2
19,1
18,3
18,1
14,1
12,3
12,2
14,3
13,1
12,1
13,3
11,28
11,19
11,18
11,15
11,6
11,5
11,3
11,2
11,1
10,237
10,174
10,133
10,127
10,100
10,6
10,4
10,3
10,2
10,1
9,7
9,6
9,4
9,3
9,2
9,1
8,17
8,16
8,14
8,9
8,7
8,6
8,4
8,3
8,2
8,1
3,3
3,2
3,1
2,3
2,2
2,1
0,472
0,9
0,0
142,34
142,33
142,32
142,31
142,30
142,29
142,28
142,27
142,26
142,25
142,24
142,23
142,22
142,21
142,20
142,19
142,18
